
-------------------------------------------------------- time --------------------------------------------------------
talla      Cota1I      Cota1E      Cota4I      Cota4E      Cota5I      Cota5E      Cota6I      Cota6E      Cota7I      Cota7E 
   10        0.02        0.02        0.00        0.00        0.01        0.01        0.01        0.01        0.04        0.04 
   11        0.04        0.04        0.01        0.01        0.01        0.01        0.03        0.03        0.09        0.09 
   12        0.10        0.11        0.02        0.02        0.02        0.02        0.06        0.07        0.21        0.21 
   13        0.22        0.24        0.04        0.04        0.04        0.04        0.13        0.14        0.41        0.41 
   14        0.75        0.81        0.11        0.11        0.11        0.11        0.43        0.50        1.19        1.24 
   15        1.37        1.67        0.14        0.15        0.10        0.10        0.77        0.91        2.11        2.18 
   16                                0.41        0.45        0.26        0.26                                                 
   17                                0.65        0.69        0.38        0.39                                                 
   18                                1.69        1.83        0.82        0.82                                                 
   19                                2.69        3.03        1.04        1.04                                                 
   20                                6.22        6.98        1.99        2.04                                                 

-------------------------------------------------------- iterations --------------------------------------------------------
talla      Cota1I      Cota1E      Cota4I      Cota4E      Cota5I      Cota5E      Cota6I      Cota6E      Cota7I      Cota7E 
   10     4195.80     4195.80     1120.45     1120.45      239.15      239.15     2259.65     2259.65     1924.60     1924.60 
   11     9359.85     9359.85     1655.45     1655.45      298.65      298.65     4965.40     4965.40     4237.60     4237.60 
   12    22905.20    22905.20     3208.10     3208.10      445.00      445.00    11500.80    11500.80     9419.80     9419.80 
   13    45626.25    45626.25     8348.60     8348.60      935.30      935.30    22553.95    22553.95    17775.15    17775.15 
   14   128845.40   128845.40    22031.45    22031.45     2427.10     2427.10    69190.35    69190.35    51782.00    51782.00 
   15   209171.15   209171.15    24767.70    24767.70     1931.50     1931.50   107649.85   107649.85    81179.90    81179.90 
   16                            64112.95    64112.95     4990.05     4990.05                                                 
   17                           102820.30   102820.30     7012.50     7012.50                                                 
   18                           233622.95   233622.95    14671.10    14671.10                                                 
   19                           338683.55   338683.55    16006.90    16006.90                                                 
   20                           743631.40   743631.40    29394.70    29394.70                                                 

-------------------------------------------------------- gen_states --------------------------------------------------------
talla      Cota1I      Cota1E      Cota4I      Cota4E      Cota5I      Cota5E      Cota6I      Cota6E      Cota7I      Cota7E 
   10     6497.65     6497.65     2028.90     2028.90      601.10      601.10     4092.55     4092.55     3680.75     3680.75 
   11    14903.50    14903.50     3315.00     3315.00      808.80      808.80     9148.70     9148.70     8198.30     8198.30 
   12    36710.25    36710.25     6583.35     6583.35     1279.70     1279.70    21464.70    21464.70    18704.55    18704.55 
   13    72493.80    72493.80    14902.25    14902.25     2439.85     2439.85    41349.75    41349.75    35228.45    35228.45 
   14   188603.10   188603.10    39805.55    39805.55     6224.65     6224.65   117326.15   117326.15    95772.55    95772.55 
   15   325189.25   325189.25    44959.45    44959.45     5051.40     5051.40   189315.25   189315.25   155618.00   155618.00 
   16                           111473.00   111473.00    12707.95    12707.95                                                 
   17                           183545.35   183545.35    17542.55    17542.55                                                 
   18                           396609.90   396609.90    35339.75    35339.75                                                 
   19                           573297.45   573297.45    40626.60    40626.60                                                 
   20                          1361087.65  1361087.65    75636.50    75636.50                                                 

-------------------------------------------------------- podas_opt --------------------------------------------------------
talla      Cota1I      Cota1E      Cota4I      Cota4E      Cota5I      Cota5E      Cota6I      Cota6E      Cota7I      Cota7E 
   10     1932.55     1932.55      655.75      655.75      125.95      125.95      862.05      862.05      922.45      922.45 
   11     4464.10     4464.10      922.70      922.70       70.10       70.10     1799.20     1799.20     1815.45     1815.45 
   12    11936.60    11936.60     2143.10     2143.10      186.35      186.35     3367.45     3367.45     4485.50     4485.50 
   13    23550.55    23550.55     4560.85     4560.85      329.85      329.85     6896.40     6896.40     7583.95     7583.95 
   14    53255.50    53255.50    12025.05    12025.05     1484.45     1484.45    23559.05    23559.05    27136.55    27136.55 
   15    95585.65    95585.65    11721.55    11721.55      706.35      706.35    23399.55    23399.55    34708.85    34708.85 
   16                            25949.40    25949.40     1971.95     1971.95                                                 
   17                            49677.00    49677.00     3264.55     3264.55                                                 
   18                           122947.25   122947.25     6971.15     6971.15                                                 
   19                           111619.55   111619.55     6072.05     6072.05                                                 
   20                           449710.45   449710.45     9685.05     9685.05                                                 

-------------------------------------------------------- maxA --------------------------------------------------------
talla      Cota1I      Cota1E      Cota4I      Cota4E      Cota5I      Cota5E      Cota6I      Cota6E      Cota7I      Cota7E 
   10     1643.25     1622.85      497.10      484.05      256.55      252.40     1396.85     1372.75     1104.95     1094.80 
   11     3988.80     3951.85      997.85      964.00      442.40      442.40     3174.35     3116.80     2559.90     2532.60 
   12     9513.05     9410.15     1837.50     1792.00      668.60      662.00     7964.70     7846.80     5600.95     5493.20 
   13    18314.05    18079.40     3616.90     3565.75     1201.75     1201.75    14864.35    14700.70    10970.25    10688.05 
   14    46059.05    45639.75     9675.65     9415.90     2586.10     2559.45    35617.60    34677.85    22681.95    22095.20 
   15    83972.50    83003.15    12737.60    12139.75     2500.80     2500.80    67961.15    66317.10    44872.60    43198.40 
   16                            31943.80    30697.80     5780.75     5780.65                                                 
   17                            48029.80    46401.50     7622.45     7620.90                                                 
   18                            88959.80    86778.75    14520.75    14513.55                                                 
   19                           162240.95   158062.75    18677.00    18677.00                                                 
   20                           306125.00   296244.00    36900.20    36899.95                                                 

-------------------------------------------------------- podas_expl --------------------------------------------------------
talla      Cota1I      Cota1E      Cota4I      Cota4E      Cota5I      Cota5E      Cota6I      Cota6E      Cota7I      Cota7E 
   10                  151.65                  214.10                  234.75                  928.95                  802.70 
   11                  793.65                  710.00                  439.95                 2336.10                 2109.85 
   12                 1486.05                 1202.85                  647.70                 6546.65                 4764.25 
   13                 2841.10                 1927.80                 1174.10                11846.10                 9830.20 
   14                 5442.65                 5660.20                 2311.25                24442.20                16765.10 
   15                19618.10                 8416.15                 2413.50                58208.15                39688.60 
   16                                        21265.55                 5745.85                                                 
   17                                        30969.95                 7263.70                                                 
   18                                        39914.00                13697.00                                                 
   19                                       122857.15                18547.55                                                 
   20                                       167616.90                36556.55                                                 

-------------------------------------------------------- cost_expl --------------------------------------------------------
talla      Cota1I      Cota1E      Cota4I      Cota4E      Cota5I      Cota5E      Cota6I      Cota6E      Cota7I      Cota7E 
   10                 3403.25                  849.10                  306.10                 2548.95                 1965.00 
   11                 9049.90                 1500.60                  443.85                 5477.35                 4453.70 
   12                18063.55                 3202.00                  704.45                15413.90                 9533.05 
   13                35384.90                 5748.85                 1244.45                25348.75                19158.70 
   14               107756.60                16313.30                 3506.15                85327.75                41945.15 
   15               224982.30                25517.00                 2499.75               160148.40                88265.45 
   16                                        67210.70                 5779.45                                                 
   17                                        89922.45                 7952.05                                                 
   18                                       138540.40                15425.30                                                 
   19                                       246330.50                18819.50                                                 
   20                                       479386.75                38793.35                                                 
